   119       4112  (Sigma_c0)         -83   116   118   201   202     0     0     -0.542      3.305     -2.851      5.038      2.455

   246       -421  (Dbar0)            -91   117     0   322   324     0     0     -0.707      3.209     -3.308      5.022      1.865

   106       4112  (Sigma_c0)         -83   102   105   191   192     0     0     -1.372      0.590     20.103     20.307      2.455

   226       -421  (Dbar0)            -91   143     0   278   280     0     0      1.533      0.574    -19.872     20.027      1.865

   159       4112  (Sigma_c0)         -91    91     0   223   224     0     0      1.129      2.093      0.793      3.508      2.453

    54       -421  (Dbar0)            -84    41    42   141   143     0     0     -0.901      1.780      0.558      2.788      1.865

   159       4112  (Sigma_c0)         -91    91     0   223   224     0     0      1.129      2.093      0.793      3.508      2.453

   145       -421  (Dbar0)            -91    71     0   188   190     0     0     -1.382     -2.321      0.822      3.384      1.865

   159       4112  (Sigma_c0)         -91    91     0   223   224     0     0      1.129      2.093      0.793      3.508      2.453

   150       -421  (Dbar0)            -84   119   130   251   255     0     0      1.382      2.566      1.240      3.676      1.865

   159       4112  (Sigma_c0)         -91    91     0   223   224     0     0      1.129      2.093      0.793      3.508      2.453

   131       -421  (Dbar0)            -84   107   116   225   227     0     0     -1.067      1.693      0.797      2.849      1.865

    78       4112  (Sigma_c0)         -83    75    77   150   151     0     0     -0.523      1.142     17.891     18.102      2.453

    79       -421  (Dbar0)            -84    74    75   160   164     0     0     -0.503     -0.823     18.373     18.493      1.865

   125       4112  (Sigma_c0)         -83   117   124   202   203     0     0      0.098     -0.489      5.493      6.038      2.457

    93       -421  (Dbar0)            -84    81    82   173   174     0     0      0.158     -0.201      5.965      6.255      1.865

    95       4112  (Sigma_c0)         -83    90    94   207   208     0     0     -1.105     -0.616     -9.990     10.365      2.458

    46       -421  (Dbar0)            -84    39    40   122   123     0     0      1.171      0.787     -9.360      9.648      1.865

    95       4112  (Sigma_c0)         -83    90    94   207   208     0     0     -1.105     -0.616     -9.990     10.365      2.458

    49       -421  (Dbar0)            -84    44    45   134   136     0     0     -1.683      0.825     -9.851     10.200      1.865

   114       4112  (Sigma_c0)         -83   109   113   225   226     0     0      0.613     -0.114    -10.937     11.226      2.456

   196       -421  (Dbar0)            -91   120     0   232   235     0     0      0.182      0.274    -10.946     11.109      1.865

    92       4112  (Sigma_c0)         -83    87    91   187   188     0     0     -0.692      2.232     -5.588      6.537      2.460

    91       -421  (Dbar0)            -91    37     0   120   121     0     0     -0.380     -2.604     -5.390      6.281      1.865

    92       4112  (Sigma_c0)         -83    87    91   187   188     0     0     -0.692      2.232     -5.588      6.537      2.460

    83       -421  (Dbar0)            -84    76    78   163   167     0     0     -1.040     -2.059     -5.238      6.019      1.865

    73       4112  (Sigma_c0)         -83    70    72   128   129     0     0      0.116      0.044     -4.289      4.942      2.453

   120       -421  (Dbar0)            -91    46     0   150   154     0     0     -0.029      0.610      4.553      4.958      1.865

   235       4112  (Sigma_c0)         -83   230   234   402   403     0     0     -1.256      0.251      0.729      2.861      2.452

   285       -421  (Dbar0)            -91   176     0   348   351     0     0      0.812      0.201     -0.551      2.117      1.865

   235       4112  (Sigma_c0)         -83   230   234   402   403     0     0     -1.256      0.251      0.729      2.861      2.452

    65       -421  (Dbar0)            -84    46    50   128   130     0     0     -1.261      0.786      0.776      2.508      1.865

   123       4112  (Sigma_c0)         -83   117   122   230   231     0     0      0.142      0.716    -30.454     30.561      2.454

   214       -421  (Dbar0)            -84   211   212   355   356     0     0     -0.159      0.642     29.995     30.060      1.865

   100       4112  (Sigma_c0)         -83    98    99   200   201     0     0      0.601     -0.902   -104.663    104.697      2.453

    48       -421  (Dbar0)            -84    41    42    90    91     0     0     -0.481     -1.082    104.842    104.865      1.865

   122       4112  (Sigma_c0)         -83   119   121   185   186     0     0     -0.835     -0.357      1.870      3.211      2.447

    90       -421  (Dbar0)            -84    77    80   171   172     0     0      0.753     -0.017     -1.550      2.539      1.865

   122       4112  (Sigma_c0)         -83   119   121   185   186     0     0     -0.835     -0.357      1.870      3.211      2.447

    92       -421  (Dbar0)            -84    87    88   168   170     0     0     -0.470     -0.663     -1.951      2.818      1.865

   122       4112  (Sigma_c0)         -83   119   121   185   186     0     0     -0.835     -0.357      1.870      3.211      2.447

   171       -421  (Dbar0)            -91    98     0   210   212     0     0      0.641      0.334      1.570      2.543      1.865

   122       4112  (Sigma_c0)         -83   119   121   185   186     0     0     -0.835     -0.357      1.870      3.211      2.447

   111       -421  (Dbar0)            -91    47     0   140   145     0     0     -0.354      0.646     -1.508      2.509      1.865

   122       4112  (Sigma_c0)         -83   119   121   185   186     0     0     -0.835     -0.357      1.870      3.211      2.447

    73       -421  (Dbar0)            -84    54    59   133   135     0     0      0.775      0.332     -1.865      2.769      1.865

   122       4112  (Sigma_c0)         -83   119   121   185   186     0     0     -0.835     -0.357      1.870      3.211      2.447

   193       -421  (Dbar0)            -91   188     0   195   197     0     0     -0.563      0.153      1.389      2.397      1.865

    60       4112  (Sigma_c0)         -83    57    59   124   125     0     0      0.075      0.658     -0.377      2.571      2.456

    88       -421  (Dbar0)            -84    76    78   163   166     0     0      0.352     -0.704     -0.881      2.207      1.865

    60       4112  (Sigma_c0)         -83    57    59   124   125     0     0      0.075      0.658     -0.377      2.571      2.456

   140       -421  (Dbar0)            -91    66     0   190   192     0     0     -0.334     -1.252      0.309      2.292      1.865

    60       4112  (Sigma_c0)         -83    57    59   124   125     0     0      0.075      0.658     -0.377      2.571      2.456

   132       -421  (Dbar0)            -91    53     0   183   185     0     0     -0.216      0.283     -0.941      2.119      1.865

    60       4112  (Sigma_c0)         -83    57    59   124   125     0     0      0.075      0.658     -0.377      2.571      2.456

   143       -421  (Dbar0)            -91    74     0   180   181     0     0      0.069      0.129     -0.277      1.891      1.865

    60       4112  (Sigma_c0)         -83    57    59   124   125     0     0      0.075      0.658     -0.377      2.571      2.456

   106       -421  (Dbar0)            -91    41     0   146   150     0     0     -0.581     -0.551     -0.447      2.078      1.865

    60       4112  (Sigma_c0)         -83    57    59   124   125     0     0      0.075      0.658     -0.377      2.571      2.456

    70       -421  (Dbar0)            -84    56    61   137   138     0     0      0.142      0.091     -0.647      1.981      1.865

    60       4112  (Sigma_c0)         -83    57    59   124   125     0     0      0.075      0.658     -0.377      2.571      2.456

   135       -421  (Dbar0)            -91    51     0   184   186     0     0     -0.067     -0.862      0.032      2.056      1.865

    60       4112  (Sigma_c0)         -83    57    59   124   125     0     0      0.075      0.658     -0.377      2.571      2.456

   128       -421  (Dbar0)            -84   114   115   212   215     0     0      0.363      0.758      0.970      2.264      1.865

    60       4112  (Sigma_c0)         -83    57    59   124   125     0     0      0.075      0.658     -0.377      2.571      2.456

    99       -421  (Dbar0)            -91    69     0   125   126     0     0     -0.510      0.519      0.715      2.126      1.865

    60       4112  (Sigma_c0)         -83    57    59   124   125     0     0      0.075      0.658     -0.377      2.571      2.456

    48       -421  (Dbar0)            -84    39    40    98   100     0     0     -0.693      0.631     -0.186      2.095      1.865

   177       4112  (Sigma_c0)         -83   173   176   241   242     0     0      0.318      0.465      3.601      4.393      2.454

    81       -421  (Dbar0)            -84    70    73   138   139     0     0      0.015      0.323      3.548      4.022      1.865

   177       4112  (Sigma_c0)         -83   173   176   241   242     0     0      0.318      0.465      3.601      4.393      2.454

   137       -421  (Dbar0)            -91    77     0   178   180     0     0      0.387      0.174     -3.274      3.792      1.865

   177       4112  (Sigma_c0)         -83   173   176   241   242     0     0      0.318      0.465      3.601      4.393      2.454

    56       -421  (Dbar0)            -84    44    45   130   131     0     0     -0.168      0.877      3.805      4.331      1.865

   177       4112  (Sigma_c0)         -83   173   176   241   242     0     0      0.318      0.465      3.601      4.393      2.454

   137       -421  (Dbar0)            -91    72     0   173   174     0     0      0.738     -0.016      3.779      4.279      1.865

    31       4112  (Sigma_c0)         -83    29    30   125   126     0     0      0.104     -1.420    -13.053     13.358      2.454

   167       -421  (Dbar0)            -84   144   150   274   275     0     0      0.117      1.363     12.994     13.199      1.865

    61       4112  (Sigma_c0)         -83    59    60   139   140     0     0     -1.261      1.134     19.340     19.569      2.454

   261       -421  (Dbar0)            -91   219     0   275   277     0     0      1.031      0.560    -19.368     19.493      1.865

    72       4112  (Sigma_c0)         -83    70    71   150   151     0     0     -0.588      0.503      2.747      3.763      2.452

    59       -421  (Dbar0)            -84    52    53   119   121     0     0      0.650      0.885     -2.604      3.386      1.865

    84       4112  (Sigma_c0)         -83    82    83   171   172     0     0      0.162      0.734    101.170    101.202      2.455

   197       -421  (Dbar0)            -91   100     0   251   253     0     0     -0.271      0.329    101.332    101.350      1.865

   259       4112  (Sigma_c0)         -83   256   258   401   402     0     0     -0.169     -1.040     -2.981      4.000      2.450

    71       -421  (Dbar0)            -84    63    64   156   157     0     0      0.044      1.695     -3.119      4.010      1.865

    50       4112  (Sigma_c0)         -83    46    49   123   124     0     0     -0.223     -0.064      1.037      2.670      2.450

   277       -421  (Dbar0)            -91   186     0   335   337     0     0      0.118      0.063      1.180      2.211      1.865

    50       4112  (Sigma_c0)         -83    46    49   123   124     0     0     -0.223     -0.064      1.037      2.670      2.450

   133       -421  (Dbar0)            -91    75     0   168   170     0     0      0.019     -0.093     -1.006      2.121      1.865

    75       4112  (Sigma_c0)         -83    72    74   132   133     0     0     -0.234      1.343     -0.578      2.865      2.452

   168       -421  (Dbar0)            -91    90     0   206   208     0     0     -0.564      1.403      0.377      2.430      1.865

