   146        421  (D0)               -91    51     0   203   207     0     0      0.684      0.522      4.088      4.575      1.865

    99       -423  (D*bar0)           -84    79    84   142   143     0     0     -0.605      0.720     -4.476      4.995      2.007

    29        421  (D0)               -81    27    28    79    82     0     0     -0.368     -0.945      0.865      2.292      1.865

    92       -423  (D*bar0)           -84    75    79   181   182     0     0      0.120     -0.603      1.258      2.447      2.007

   104        421  (D0)               -83   101   103   165   168     0     0     -0.191     -1.483      0.854      2.538      1.865

    90       -423  (D*bar0)           -84    67    76   161   162     0     0      0.332     -0.956      1.044      2.478      2.007

   126        421  (D0)               -91    50     0   187   188     0     0     -0.440     -0.374     -2.897      3.493      1.865

    93       -423  (D*bar0)           -84    73    79   158   159     0     0      0.946     -0.150      2.828      3.598      2.007

   206        421  (D0)               -91   134     0   252   254     0     0      0.579     -0.519      2.122      2.930      1.865

   121       -423  (D*bar0)           -84   103   109   231   232     0     0     -0.377     -0.873     -2.397      3.268      2.007

   101        421  (D0)               -91    37     0   137   139     0     0     -0.697     -1.041      8.903      9.182      1.865

   109       -423  (D*bar0)           -84    85    92   167   168     0     0      1.181      0.924     -8.685      9.039      2.007

    48        421  (D0)               -83    46    47   130   131     0     0      1.345      0.814      0.991      2.633      1.865

   118       -423  (D*bar0)           -84   100   104   200   201     0     0     -0.876     -0.872     -0.754      2.474      2.007

   167        421  (D0)               -91   105     0   215   217     0     0      1.091     -0.107     -1.222      2.484      1.865

    86       -423  (D*bar0)           -84    74    75   128   129     0     0     -1.053     -0.164     -1.744      2.864      2.007

   156        421  (D0)               -91    92     0   191   195     0     0      0.522     -1.443     -5.224      5.756      1.865

   106       -423  (D*bar0)           -84    90    95   183   184     0     0     -0.456      1.492     -4.820      5.449      2.007

   216        421  (D0)               -83   203   215   323   327     0     0     -0.158      0.338     -3.706      4.166      1.865

    67       -423  (D*bar0)           -84    57    58   158   159     0     0     -0.569      0.512      3.920      4.470      2.007

   132        421  (D0)               -91    53     0   177   179     0     0     -1.677      1.712      1.219      3.272      1.865

   250       -423  (D*bar0)           -84   202   220   389   390     0     0     -1.336      1.642     -0.857      3.040      2.007

   175        421  (D0)               -91    76     0   231   232     0     0     -0.648     -0.223     -0.656      2.092      1.865

   111       -423  (D*bar0)           -84    86    92   193   194     0     0     -1.012      0.346     -0.835      2.423      2.007

   167        421  (D0)               -91   105     0   215   217     0     0      1.091     -0.107     -1.222      2.484      1.865

    86       -423  (D*bar0)           -84    74    75   128   129     0     0     -1.053     -0.164     -1.744      2.864      2.007

   156        421  (D0)               -91    92     0   191   195     0     0      0.522     -1.443     -5.224      5.756      1.865

   106       -423  (D*bar0)           -84    90    95   183   184     0     0     -0.456      1.492     -4.820      5.449      2.007

   216        421  (D0)               -83   203   215   323   327     0     0     -0.158      0.338     -3.706      4.166      1.865

    67       -423  (D*bar0)           -84    57    58   158   159     0     0     -0.569      0.512      3.920      4.470      2.007

   132        421  (D0)               -91    53     0   177   179     0     0     -1.677      1.712      1.219      3.272      1.865

   250       -423  (D*bar0)           -84   202   220   389   390     0     0     -1.336      1.642     -0.857      3.040      2.007

   175        421  (D0)               -91    76     0   231   232     0     0     -0.648     -0.223     -0.656      2.092      1.865

   111       -423  (D*bar0)           -84    86    92   193   194     0     0     -1.012      0.346     -0.835      2.423      2.007

   139        421  (D0)               -91    67     0   189   193     0     0      1.139     -0.004     -2.920      3.647      1.865

    56       -423  (D*bar0)           -84    50    51   128   129     0     0      0.907      0.297      3.295      3.974      2.007

   264        421  (D0)               -91   152     0   329   330     0     0     -0.461     -0.312     -7.965      8.199      1.865

   292       -423  (D*bar0)           -91   213     0   320   321     0     0     -0.469      0.304      8.431      8.684      2.007

   121        421  (D0)               -91    42     0   155   157     0     0     -1.185      0.890     -3.444      4.188      1.865

   104       -423  (D*bar0)           -84    81    85   174   175     0     0      0.901     -0.694     -3.119      3.879      2.007

   202        421  (D0)               -91   116     0   245   246     0     0      1.095     -0.501     -2.434      3.294      1.865

    70       -423  (D*bar0)           -84    61    64   136   137     0     0     -0.665      0.575     -2.603      3.402      2.007

   178        421  (D0)               -91   113     0   226   230     0     0      0.295     -0.949     -1.705      2.715      1.865

   157       -423  (D*bar0)           -84   135   142   229   230     0     0     -0.317     -0.862      1.904      2.915      2.007

    75        421  (D0)               -83    73    74   150   152     0     0      0.801     -1.225      0.602      2.446      1.865

    92       -423  (D*bar0)           -84    75    80   152   153     0     0      0.578      1.318      0.976      2.655      2.007

    39        421  (D0)               -83    37    38   108   110     0     0     -0.496      0.393      6.510      6.801      1.865

    79       -423  (D*bar0)           -84    72    74   146   147     0     0      0.605      0.349     -6.492      6.831      2.007

   162        421  (D0)               -91    95     0   213   214     0     0      0.054     -0.050      1.596      2.455      1.865

    56       -423  (D*bar0)           -84    38    39   116   117     0     0      0.291      0.123      1.819      2.727      2.007

    34        421  (D0)               -83    22    23    87    89     0     0     -0.518      0.820     -0.267      2.119      1.865

   110       -423  (D*bar0)           -84    95   101   162   163     0     0      0.571      1.161     -0.412      2.423      2.007

   155        421  (D0)               -91    63     0   206   208     0     0      1.286     -1.320      4.536      5.239      1.865

    93       -423  (D*bar0)           -84    79    81   169   170     0     0      1.192      0.863      4.645      5.269      2.007

    34        421  (D0)               -83    32    33   106   107     0     0     -0.699      0.812      1.156      2.442      1.865

    52       -423  (D*bar0)           -84    39    42   119   120     0     0      1.056      0.756      1.119      2.639      2.007

    70        421  (D0)               -83    61    69   145   147     0     0      0.442     -0.365      0.474      2.008      1.865

   154       -423  (D*bar0)           -84   136   144   275   276     0     0      0.630     -0.699      0.410      2.254      2.007

   133        421  (D0)               -91    65     0   176   178     0     0      0.195      0.396      0.614      2.012      1.865

    61       -423  (D*bar0)           -84    48    49   131   132     0     0      0.434      0.370     -0.936      2.287      2.007

    76        421  (D0)               -83    74    75   150   151     0     0      0.492      0.967     60.109     60.148      1.865

    55       -423  (D*bar0)           -84    33    34   124   125     0     0      0.664      1.189     59.750     59.799      2.007

   213        421  (D0)               -91   112     0   260   262     0     0     -1.619     -1.508     -2.825      4.044      1.865

    96       -423  (D*bar0)           -84    92    93   209   210     0     0      1.128     -1.276     -2.679      3.755      2.007

   103        421  (D0)               -83    98   102   204   205     0     0      0.356      0.388     -7.237      7.492      1.865

   154       -423  (D*bar0)           -84   123   133   247   248     0     0      0.083     -0.310     -6.738      7.038      2.007

    77        421  (D0)               -83    75    76   139   140     0     0     -0.988     -0.282      0.087      2.131      1.865

   182       -423  (D*bar0)           -84   164   171   248   249     0     0     -1.274     -0.412     -0.418      2.449      2.007

   115        421  (D0)               -83   109   114   197   201     0     0      0.404     -0.427      0.562      2.034      1.865

    76       -423  (D*bar0)           -84    62    63   154   155     0     0      0.632     -0.719      0.336      2.249      2.007

    86        421  (D0)               -83    46    47   146   148     0     0     -0.538     -0.872     -4.514      4.990      1.865

   238       -423  (D*bar0)           -91   190     0   258   259     0     0      0.418     -0.346     -4.723      5.160      2.007

   175        421  (D0)               -91    95     0   195   196     0     0     -0.677      1.508      2.214      3.334      1.865

   120       -423  (D*bar0)           -84   107   113   221   222     0     0     -0.823     -1.103     -2.547      3.523      2.007

    74        421  (D0)               -83    69    73   152   154     0     0      0.052     -0.405     -5.664      5.977      1.865

   124       -423  (D*bar0)           -84   104   107   181   182     0     0     -0.387      0.545     -6.085      6.442      2.007

   144        421  (D0)               -91    83     0   182   183     0     0      0.515      0.234     -1.155      2.266      1.865

   226       -423  (D*bar0)           -84   213   218   330   331     0     0      0.445     -0.258      0.950      2.279      2.007

    45        421  (D0)               -83    43    44   119   121     0     0      1.502     -0.892      1.006      2.746      1.865

    86       -423  (D*bar0)           -84    67    72   156   157     0     0      1.663     -1.083     -0.948      2.978      2.007

    55        421  (D0)               -83    50    54   116   118     0     0     -0.436     -0.768     -0.143      2.068      1.865

    55       -423  (D*bar0)           -84    44    47   126   127     0     0     -0.261      0.715      0.696      2.256      2.007

    67        421  (D0)               -83    62    66   160   163     0     0     -0.919     -0.375     -3.903      4.438      1.865

   118       -423  (D*bar0)           -84   108   109   243   244     0     0     -0.565     -0.193     -3.927      4.451      2.007

   231        421  (D0)               -91   125     0   290   291     0     0     -1.027     -0.357      1.188      2.464      1.865

   107       -423  (D*bar0)           -84    76    89   182   183     0     0     -1.275     -0.363     -1.411      2.789      2.007

    46        421  (D0)               -83    44    45   113   117     0     0      0.123     -0.961      1.731      2.722      1.865

    43       -423  (D*bar0)           -84    33    36   111   112     0     0      0.405      0.915     -2.072      3.054      2.007

    44        421  (D0)               -83    42    43    96    98     0     0      0.816      0.881     -0.316      2.241      1.865

    61       -423  (D*bar0)           -84    45    50   125   126     0     0     -0.483      0.788      0.133      2.214      2.007

    63        421  (D0)               -83    61    62   136   137     0     0     -0.032     -0.635     -4.856      5.241      1.865

    85       -423  (D*bar0)           -84    77    78   165   166     0     0      0.082     -0.569     -4.392      4.863      2.007

    93        421  (D0)               -83    89    92   174   175     0     0      0.025     -0.409      6.300      6.583      1.865

   197       -423  (D*bar0)           -84   162   168   312   313     0     0      0.417     -0.142     -6.035      6.375      2.007

    58        421  (D0)               -83    56    57   143   145     0     0     -0.373      1.578     -0.266      2.485      1.865

    67       -423  (D*bar0)           -84    59    60   130   131     0     0     -0.125      1.123      0.156      2.308      2.007

   138        421  (D0)               -91    64     0   177   181     0     0     -0.605     -0.920     -1.940      2.908      1.865

    60       -423  (D*bar0)           -84    49    52   136   137     0     0     -0.498     -0.953      1.580      2.771      2.007

    92        421  (D0)               -83    89    91   153   154     0     0      0.838     -0.525     -1.513      2.597      1.865

    90       -423  (D*bar0)           -84    73    78   162   163     0     0     -0.412      0.323     -1.738      2.706      2.007

    74        421  (D0)               -91    32     0   101   103     0     0     -0.143     -0.964     11.031     11.230      1.865

    44       -423  (D*bar0)           -84    33    35   120   121     0     0      0.298      0.913     10.697     10.926      2.007

   155        421  (D0)               -91    73     0   196   198     0     0      0.394     -0.691     -3.684      4.205      1.865

    58       -423  (D*bar0)           -84    50    51   135   136     0     0      0.332      0.555     -4.091      4.603      2.007

   127        421  (D0)               -91    65     0   173   175     0     0      0.337     -0.796      0.578      2.135      1.865

   139       -423  (D*bar0)           -84   132   135   235   236     0     0     -0.611     -1.205      0.290      2.436      2.007

